109551740093029
15350837977183
163003895100046
119295469860169
28443965860733
185981011102529
92231165099136
245444038723454
154253797044056
144456872987950
42880923100327
199124955219520
25670364610001
238280174674672
163453511417326
110574516052039
13895631301550
275583220730916
96614701202530
203189234895235
52681369596023
226803177000972
244779645827864
89390032828469
63495713056988
87765997451113
225209679657622
38243607848978
94682285790389
10338186399337
131873134041819
268720968800374
184394749613955
173915069015712
117132501917930
247685612637100
212358027623052
76697833411610
250241003124973
238908459469117
50472343414914
78032826708594
95281991839718
35528873925722
253060149228479
140637753859331
255923296319727
227161326720079
244474305514760
248809381246241
268496990775561
86431953781765
133712834580713
268456317673575
151839483706237
245246870946456
17591807178655
88904382580246
259253159595471
24540984650749
122622306312845
37762166249084
15442689482811
99164548979893
95692667541060
191115169759349
34111970548937
114190528428690
279093428648737
217308812032757
275047456099305
224587902462858
150868820253807
95208536292519
198726241098154
120658647800735
167888641911331
241235063161751
21338286742130
2195893860815
205787724937766
254702652756464
19096798757975
163132067477275
271331531407912
176948645620679
102801930924281
8165323345310
72229302394895
69666441829114
238827129282039
153774903572139
11662075778026
159811674762010
32081123454444
46945564913928
194730971791485
133883803742058
268049308378883
69091633889582
13034288131673