134027383765698
36308044074045
83971902774263
25014484550697
201628738851232
267470993682343
156609244663384
40753299929987
29248428502428
130971038540159
273469783687053
163573775897336
71585795154800
222830473801887
259427058801286
18511104753416
121226854963459
81466165844996
187005635961152
222466635754991
7967854792058
29107889101173
244013048556211
272694314859126
25025904708744
177667848573185
20133890039567
91130843560602
222253023722517
12994688753733
61310475681099
164812882490106
268456929727033
217803774695051
38290909517319
5161629490459
153184758750588
8717526137264
10892859117492
248914145635195
44799221610866
74194670207204
11728665322009
274263645420916
153479518281119
200885891651887
181407891348764
24830055476205
22079388012206
245815507264463
66568360796901
152600131337949
81423507909109
2529574614370
170248569873738
188385506637471
96859764251986
182204373931487
116462740386191
90066329650448
153067065749065
21591499358817
205130080199537
98744969892233
234325635740802
242256038308803
141913522007433
40799081248410
84680277596811
91289234273802
25951378953721
28627239174818
191294015627248
17031558970013
200234857673577
37710059239468
233005445896353
117296406070612
875794986582
44531098570024
70409628134569
5998930089548
133173298700468
174432967782121
172558574081845
72914494170267
9284795942358
274524378724601
53039617812458
220188222215615
134303468425651
57279228166074
117364483637897
4045625772276
280787026034542
80941953894618
102494042693354
178425826298948
188355360203325
206622389292695
68925222094913
25438301136507
270485372215438
18113487880398
255437165829809
29419368091609
67986212237708
87226415268320
98821687792951
43128676136098
69711825692141
147457657383010
56838875968480
276421336577145
176068773010188
78032555310756
66253853332813
29928106043013
115820698291038
41384240218879
244449318185866
85715315527793
148291987438889
65465649899768
184319701055287
31547214721331
78463198023835
182486361543991
222250532213500
97544504195243
246284579091489
6960837567812
173496524465999
162807443343879
256028420550682
1552534496795
27496117974672
183759981477891
245016137489874
211962274486929
102801072165478
47516847154928
174955223902422
123354951629188
49326044177535
1477678530193
265170854909069
213372587404510
117197780575888
224255713328069
277506174989864
118795136996201
178925244983471
125106542282240
224556522747875
183198128029805
144096444124919
173384428780949
229736020350607
192168329886249
104255850893186
70029452029909
104273818444662
75588843010832
186990671526059
10901057872373
49636931388804
51467665093601
142428906711208
267961060904138
239041085568458
200268517720705
35253233045872
203178320927827
108291408380234
43717296079288
118312086355440
97230303425044
190279187368470
91785400056490
113022685251473
163531510719554
2984990885565
18681757953072
207895429570066
129700623546553
154623717539341
201156933077241
67513087804844
218738109131982
242769291923745
179415238833784
97252179482248
164372560212447
114113784869050
202159722959279
183039947438726
201186385521609
3398219014389
238464484009913
104088620986966
71310080324378
121000200911684
122225494129201
247505585885913
15764079924511
219146100289472
257386764534118
53034262773982
69359444480701
21850423066053
61601652828248
125297714149924
201189415100191
204131602742243
88849510353807
121217571425713
170397335758124
7370468659993
187362993569725
23460708834938
237429448916947
187852816794216
216137683765808
274297593996634
172250636271399
62724047575725
174385299203601
227856399052117
242813769607241
189325777666258
68269151306365
266522927306292
225580395197729
243568470519373
51489364672867
246737157280612
118177014256106
16090361000686
274567143733304
205960781245750
271539728309899
109886932463355
195445487563897
222570240327003
122496616328899
109783065613985
118839045452542
269772968163012
34687234723107
135617698805173
213409151821340
83302167124419
19191563679193
135535809439931
89745286280599
141366476422786
162714575394634
25370756030797
62840586238566
114146603946698
203753798752634
113444277724612
177180636742726
138523893764893
240234946974541
114197125877559
53202715252247
104449738348053
18820464447882
132768511216588
163174817474328
85399759405601
208894838133946
243928142142294
281452552216800
195493397681035
2147839693266
69413285680704
181045229035575
161399740028873
76588065566894
46937193718992
69704948153270
36108289750059
197345769459287
155554183234482
151966357075769
49136406044876
206165938338596
68799627937243
222034304847138
191244215298265
157756941139361
127585044156593
69285480754796
68085252074028
185754020154442
82813422443663
200475363409039
169505048091181
69669333963795
75004100507794
277281786367022
41064529903884
233454006957767
213772513265334
105828328205212
113158507215174
188912021079603
155714845866821
63353048143411
147523432346234
81949839560216
91407485345945
105465919619180
233066614223253
278503516752385
37542881645348
194061456625885
70379329817667
90726792489940
264422614517717
155744085238004
249115218571189
173338089657412
20895609995201
99947793891211
128602420550078
129595411226629
221453707319078
1544301473868
233570633015090
58956286909146
196619128126390
123507451144675
145871331944866
136765429089137
88780247608890
24603721389312
47140220940639
191797901217545
156886424946042
116874983608874
18003454101459
123858796816624
59728862243200
110541413004384
181228672749349
52119944587980
134362318772521
3168846594190
274844648292402
169925738063287
118793353618938
216823746032334
76893748881361
40024942239527
146857312597083
54176157677434
106770381775468
144982930001836
38391575740169
88615975433231
84214020564709
57736780882806
2884448474352
53172378746338
184936776661709
269200079666100
222251115172929
106000125288349
64887693310442
79742092700602
142856467035619
131156004066967
123718585472014
271289316949250
22147627761717
156533417940979
233426005839421
152341036412398
232892391674902
211106953316501
168518250331684
231327213988713
266817444798795
195478771712993
24742200135904
108364470950993
10396792483366
5317431531347
75434566976531
19558463036076
164746807186570
250853931321306
74403534450251
135150892658619
128542100357432
136399459977491
232813835891898
136993278746317
120044992722538
140355919529795
241815809512507
205624167963373
182748518959562
177482937114930
253979424005032
32739305917788
49189737522341
30540604680902
177627914235521
85498104435675
122498335851653
48129045997434
105370448463334
64980098481352
213399811324677
161446025008031
164912050334678
168426472312069
245908518481418
22605040983663
104411895824590
106366308810931
108248503883575
276597216586222
272621274331046
81347470245823
80517776639171
164301115902879
75179953936595
94363878305082
134922006255254
195351030353669
81889696546787
77082035428741
67775245190325
42645522330869
197276159220570
39566310234442
209450013431042
85081898560699
85756888756437
202615486979146
154661604075851
143298936249608
153773675386242
21936299940082
32156567794089
182541298836409
2599175911398
10559877378762
79612976411437
176636031831143
261599817585911
192499823919533
221297671981022
237031173642955
187977663906171
247486417769174
211532213296138
205359023080944
65314672387524
209931939342263
55852866384866
61862632699443
218518457826488
45354447877032
149076024632171
79955323833881
24932089697313
82299534237531
11067049776313
108907685633522
25596220724058
12782242023727
120383995921537
5588071541574
103113372790594
172060408004675
72950559966710
51990114185759
174655896171652
264303950301541
144247522934008
255715342000405
56624623043114
68610739527112
11061843780752
201419282176820
172068351315339
141689022638230
29062122277316
47938452600495
274203982519160
272230123228227
233949943385775
92893649091934
159505346611659
181563897519291
215116562556915
78957310193176
87827744048952
229900795535708
89423085903994
173620464877005
70712359851894
149041375779264
86938524603517
269023589977984
24505668424372
23642227389273
125176856639210
120720446881796
185723580900193
158722918290650
228422853463057
48422863675026
124164613441859
85280445044082
113069400698524
242588896291626
12730005281498
114564740580053
164540725169384
44735721594565
207971240459034
71162576313371
177266730362523
74379617117017
257343449688176
274553081534564
54639999291798
107635485972394
174171679879961
273442726911833
231374285732148
65220047523309
6882205318346
117729342999666
128442787633623
158340871719741
269724745170593
210040248447249
258881665598662
174809666735576
105862370771827
44626513842800
122114308989023
190225410998583
249275682318940
31514823075670
31744413623953
145587533695725
63205522417836
237731775291303
127103858828461
266138145324635
219625356428053
240214832257211
237462576642694
78393702459443
20388486895930
111235664603272
19604971086042
237553132750536
75754355284097
974941116320
226252267872023
139524354050868
188583557956410
272061681050362
30143147922277
25549293215303
63837594891029
237895711521416
261804771864584
5006878366285
8706066978027
273112183309227
176318499551754
187685645470878
223881782043858
259541426820707
119494203624254
265268657469440
111885689665411
17936652599138
267258684035467
220983498397148
96206700246293
3606920232928
202416121187727
175097081859135
78760919751421
46144356109132
180779040216454
259080437988781
140973523154539
44127589583807
144024494609042
181985822308802
121773007645674
117834058849357
145991742047040
224024872520104
41731168154204
178174048259612
206745920076143
244536036746836
240839408948798
70757141342033
180470311852409
109473296711583
117247323371070
277452842065862
166049920556466
107948488848930
227796154992676
89186358944411
93592520201017
258378338444271
192367346471173
279043415150986
145057778899989
153438398385934
223926284430796
148202389340437
45156566920866
239925988391889
161064291290385
193703448099458
56040789693267
264198973839354
159282409272380
8814381840801
262873638185151
259705500847016
272334035237376
103211584482922
163463709810684
119556398461215
33124355410206
71777597276007
204648343797075
26740525733972
280384876847997
154349341049837
242905389964349
26832541926231
203163165137297
239151951874087
239740197956270
168076584626303
12040921437456
9816631971571
131991779060151
83031003329136
243238548574714
205161284651657
246991585357173
252484686774510
204608174907119
238576446596342
31727398805835
176566381503355
86882361122772
15380733557098
173453374407288
202852086899921
262998262811597
79015904155983
202005289362156
263848964979485
17470564445822
64052424297010
37729864967808
12019303110934
223476245227689
243284366492547
135944531511662
89536962256862
104270133029901
257971077329436
211524421326625
21572588479924
190798622737313
108691500808090
237799368291157
35951779902583
208000323405594
8319611037580
10168941744518
85745384443132
63397387413696
248254298032490
140782706523305
268313871572776
261256257792661
204889419013215
225910483669315
125095345460461
85409042261453
178478094291176
110120030290880
183390933386498
263108628858003
118296866834487
32912058127655
131504407413119
13318691391262
49876851465847
198684779651860
86868410862393
4272928358684
216438349471694
82395110988042
169903216253431
236409842424420
85747467209532
249262710274575
81249053627765
189777050438912
190390571079237
252057997236892
89721112010805
84723336506240
11072052423274
173906654127579
48912656796194
186159716865955
87522042585973
210152383747639
95047465605891
90777870534990
189990427005330
240966898827319
229945834409662
278807319284687
22940523887164
256695346153903
177903139016807
5040599514999
209186913818102
219755500153407
89190975735082
254763220113025
182319556661204
199848140992543
119973811422451
218766689098308
9886793665239
236012575637058
6788567947003
257116738692543
257355771975960
195987072567743
53948313778963
63130045638761
162227636651715
201345187207826
149609241715914
215522075141728
14848312217056
197838025740460
183779222141534
66561154463448
184782542921451
101372680379215
193706806990465
133251324527845
130722197806663
220616475624127
220166577981417
267092587008144
228488205477485
269544500649533
167142725717937
79537124273471
228053666874113
72729072409945
224474287990416
206931015959405
232849605244326
269049977487503
166939476801241
198474080767657
260725616811
196937863732534
50817626037582
63893630246648
206929889123715
11058028420540
79331795922624
137319500617073
56156233587221
257601269579576
182285224620167
85262772284473
232174731343569
43947058664521
145510837525951
180168570449609
229522682705563
274300875751742
47146223625564
25982116592259
177162691548042
138348591677598
107954087520271
114412304123290
142681729071724
55681805688814
273427277988087
273537623627336
263349517027881
138194388549589
67542602495266
85140048890195
51525850143202
41735934383752
147490048394976
161373995470311
217993898684663
236779991559816
190596622788584
21265259062967
1717353564875
180178206008244
156695477402951
216354569825146
122476408330591
137915370957218
153182893450279
206222864091566
108584122532287
207997258433621
10920617781851
196212271513260
127054403476281
175267757608753
265393031008711
147771241553429
276268729562218
215553263613526
53836293722258
204528736129666
171103667047195
194259075152691
61315372094246
270164862391440
198339653015268
81510118093948
135439581132546
139927224464689
264113268014765
104074860989286
271056212922209
219922989324375
201732451016439
33657407388981
181116485575336
249213316134120
205923041282293
173487558056988
7737178204843
2760828851463
120378907213943
91514628820329
181259027322558
3742737669030
147007456149415
172244798180102
145768272038298
248644204427634
139135324909968
62022506095175
198479817201930
74195224229638
26121640327034
225411497538568
217598041100406
259147804160370
232565098341908
105836527515674
84573887622957
75565472487186
134983291045745
247229327652357
109744632489612
242807982877619
165563305432525
171160355523604
42959006539250
253868445582605
272283526431278
219341848620212
62314138660732
201398987494023
52503045354186
276396675357730
66372305938847
82155483566413
25747221314883
197461949674603
100091749519239
208158242100662
79692256391604
227621434565562
215643193350217
231966445028864
180138516844420
22280312040435
43044378176996
123114969309006
222315813095962
186017951539625
63985108135451
33562373583108
181324629576528
171628514848341
58894553705740
156070919774063
243960848248770
100583274483944
93952508948654
16949374869941
109391676377064
65143191968171
101883679093516
28886440198434
257979578046203
270052984680296
16960295691352
219799471333563
116327688460218
40118546418673
201469630375634
94796078068260
170653283382761
220385429682916
177918170418806
184238060601049
139663771963830
216888234663892
173779684845954
212630247497653
239265302347993
111078297726896
145232267687108
86080523142597
193373888711321
231739730506628
187361682612930
32725817881966
225002733431949
173396436142728
123159709342375
176369665836524
70508215162688
63783282599038
199761344050955
119600910557451
243482422603665
142009721800802
104719644903041
206402782169420
206934302412024
52610808598373
237419735550971
260981222690878
201339704933511
109354408830527
152669850189053
2830252269119
260299658657740
36380833485003
115914164356256
37423941824381
70610433198711
231054798545654
116486572622435
24079134397261
238734015055319
213869009372674
4622661748942
224230535900372
179618868120867
177326233696267
201385380355302
235640226542331
225494503862932
4377798069487
143668718942828
259377661555382
81114620344913
246842321512055
117955376369651
111224367090587
87124725407019
22485579514072
276099729981635
213902223175880
240618452747810
246427339564928
210850920309125
40189578291483
45793625053381
113323486183221
220249618038735
228987858407863
71150955030362
55138916498307
48759518992240
196233883212249
111494352600025
190461052577149
144119826390162
237907994870788
180108922343864
185114845027528
117140916204978
268087519570287
81550590794112
235972818866683
4173414464606
238735992026580
120307386906944
89484886788430
126722387230921
6016802907779
108580987734208
22329386491545
108877047301163
23953685860805
77256146408590
141545877733023
141104008937209
82817600396442
130471600201181
238356605856435
277113289841122
15028224754871
25330571515686
216496054139038
11138918085540
112588172892645
159072997993644
230941722546919
111483931582383
143205341937056
13179497822402
264305993889111
222152559535511
60335249500435
272023211379683
268962602087394
133586326011221
128836077447259
150044771707811
22855740846543
202442411268186
242061477304864
60301526191972
121697632250422
88127937763189
43296716403577
64336364774883
142762001738452
16028387529089
204445742594341
23032702880913
195782524932900
73819886752488
27589389519121
9224840715201
221562150788303
76287674717945
122361890443818
170620210502045
124637874015340
260327585583623
13130302396556
29854749049590
205632337659023
24009130601565
245901781169137
23192187341273
171466252727076
38980466458112
986434940
243246774866175
117586371927840
133144580249409
46148980582605
10853921140997
107856811238272
1368681036067
61405071496807
271550253840756
40946027129749
185558270745735
192121402326890
73576605247392
61559965727142
245660341922356
55665961737879
88193963176528
140011179713755
31277480133032
16520296563877
219219629113402
222991468352638
95742831686842
196952685892844
21793701212233
79378013226888
155366985271821
51228174648663
250423220310464
15174966054784
72119903993425
204322121671852
186136719910938
159806178022058
271181223787863
49379753070373
32364217757391
54220131322245
200429250538484
147304982837841
204826396676311
190185617162651
156600114994867
114626401988178
70627729157638
183492561706394
17557497700694
170004364985693
53005159963705
45074782736843
228590515270443
147039305805969
91277198205774
33315330779594
253358648084011
203088504860962
57998351385073
237570147598487
125462582608113
110377553600973
177252359300404
151330418674164
20999432011129
245341038209949
51087973020921
223989195409939
122559959861941
40935825166083
195037566256945
28973887691925
193010146421996
91037221904444
219165612157665
92741334805979
374289914096
45426919442186
86665052839680
69636411489694
22046836471841
159062958407093
256536465578272
3669296014566
174368993586234
20661330826600
140804018340585
190166959967041
239910210553593
102086825537746
208841524819299
185902449569366
2353590685073
212183983326753
157751666721811
88128836051392
240134831029226
199710268269635
188911145923554
96819685902402
41270587998131
92835071666307
7507944602583
102779291983167
50011052784714
243646370563947
101418894067880
105450899156365
69845886322791
53857050527996
191137866726412
73843960257427
48645815643812
94132099630901
205329085229802
89586536094900
222750746537166
269182469321703
154747343428438
198108247570962
124245711173127
244025973362656
262406793972820
279148849304218
140236677280184
143544746145116
262614427659899
177364270732644
233297947965780
132271569096400
106292531357016
130392612227679
95724148939756
275163086117887
100182964685487
64000068504146
122996091542416
113144222281824
203846247917953
13689646072617
152015292231808
208431261430740
171195076510951
265475720623766
168603997406002
43483584209326
251706896862654
88817224563450
160807556264994
120619786177033
203996396318755
130408801597099
261358754878838
139259239141486
8155044464570
21358365846140
44787061714286
257885983157451
279125914985672
207050577258398
74078035916458
116930386438585
155697269656355
114141777973969
76416105160505
95353376188180
264811293537510
265318862530269
199752789117567
50027864168927
34569644788992
170448318541670
36349500297189
19397325997948
99038614452109
151212000055047
170880296482907
80068352462131
182043150320897
73501503388865
59542295987118
207322158144008
77152077348895
56223228543164
155507232203686
137322807390943
81324661695945
49323386812498
67451026472956
63386610134520
277430309790872
248059239126638
113417153147419
222367727351472
126926112924486
117040866565951
52306190748083
184792055925916
6464480099049
215276846296624
69442149795865
126904101307628
225669831570940
85677957427003
75547087332735
117657346802977
47142391403838
83532632581510
123981634685938
271609096669721
69939637440342
112753986184273
271721153124652
38228452123744
128230127225684
47167545104181
161128807964986
28383942194903
267524385826551
148005445434291
280685359753709
192191800965039
47564507034056
88958585086484
139579950050587
238284153222057
89325182660360
210540503069329
94811894979507
54754220149683
240032847387493
263813212710106
86649087694239
130781065375944
4349341409418
107422855661024
57427450966904
12907541736493
80556874555253
132614884030449
99982330150406
127555485866482
265254183726245
278162560086319
21196935378580
244037031782348
141970463756562
170749151443780
65601584549394
163631376636730
76662135556857
109250424190072
189886346095112
150839099034363
224255342545014
81543674514445
222588377704537
233901368206039
113610647678701
182700620778222
273441618482386
52406341018292
194061922211656
199285134706346
36683422069394
132603515084281
2142789324542
25458907541706
53759052757049
54034250103884
274506462156016
87442620057705
166837161267690
949777938578
277002117389586
76449954669348
225317871033121
52771018646600
192573972780005
218762614893913
220625477347920
50117881225513
140412692009669
3330412814775
148427962434392
12369075562279
30752962767613
16028280492827
152363613364935
280937767044014
270787481690554
106621875169212
96122838922474
251412847776569
217746657685182
95105614436016
273583825919411
203609900207169
8637232742382
192775135670451
132188666377322
33847515624809
133844367471788
17649179186508
116803038544431
240717298575627
174113767039234
141593157073718
108480134891338
95672950954254
67538074865819
260358067940387
133753159513429
40671864440842
248503691787663
181182445454536
226291194671910
126081320340927
100139923708157
242552219318075
279836455951254
167697936389343
66979988801398
49076131891620
196953505528851
158380522593567
102029735584054
19460712404026
21365019531268
131625038920867
95182639264815
116022338553489
83563305986038
18114079561647
10323942178790
276808443273273
18390661419941
73464128416690
28004553373978
261244077717677
21250872376010
165353164572827
118666844981312
84589880981393
157223807643586
204738859798654
190942697704397
149592024226881
210065237834490
435866139790
224649192493394
269317919897773
114010109186872
245723391711071
135572824481893
81519836786828
82212875987624
124593812767105
197754460270428
41916176187096
197551745917637
268801971039586
49718239882199
147645405376667
260854572945925
81671223468937
258153480664605
88485404977168
224040710357854
132324900011800
189622955221825
224415453747729
36284431594906
47000198033576
135115752963106
42630672519635
79519941581176
51292585785961
36181840657460
262238675020538
174677231458462
268946667222175
190203222775065
166642101262321
5275034356573
23496851131234
266921452678156
276779295055261
103973158600770
221254247710137
10541447911454
234505175307866
25623188765817
122053257322242
224501409097275
76318952484937
169581459305473
10460285393059
100456661800972
88282398567920
239869865398956
208505505800979
166893124690330
104069235138855
223227062515443
94517404684594
186679323257806
205546613192536
253432867517081
212167005095407
135521216172474
24267454901258
186542659505436
158059029411389
67764058645935
5119284761285
23920915317240
132374343610457
249449650301745
139509193461564
51643238203065
237252345434980
176560614907048
104389986671565
139970478171616
44071015486279
127655734765040
255034627982930
162163087068563
156939153716968
172366583539121
64348020993848
138509998948640
87978247559604
29840383636108
249421137334009
90148908056399
94737044843636
61950467691794
80650124848078
185416359148422
193581800173939
280888281942419
71376414647497
35263815473852
17058169209331
208936339587251
135981152430889
240513270200376
81396444252153
151129789079257
21264966272529
276744448254503
241036366938716
203074472983657
2337505103491
48293568765435
106367125981234
110896742360779
187142971437228
28350277901732
29431415324291
261590685080906
87697617956744
268833909198474
124341257625679
130246735025851
167738388357324
267979770105702
121737559506921
113841670224635
19932528307238
227718753628897
69378500886167
258992949257269
190722620559821
74774660906504
201017999299982
123388526568960
67431100490332
162948909362576
224294183751220
45705555264585
274966610035460
4087564414693
24251878804413
157263343990541
105906679049
101875772695565
93742455815688
242537837423585
229485123121296
116706939692381
260214593990367
157204683473235
226302786940095
141072972102652
106314033691000
258326678801934
212082512172841
266436943914801
241084755250252
131500067789526
94190878030479
168810165361033
189646651190591
140487139828309
171949517305070
93030957267402
216477397578263
159981487347637
150162236257758
142719325627057
62960905963327
2797413817607
126822339806268
149783489388940
217734211136737
114284384472449
167527081654832
88226943629973
80453437896012
31526791230345
167439827813749
220827284218665
76683077470376
211508422250635
271352602339067
105759719065800
104375415316993
201267204741544
170649892615125
155162373473771
245928497714073
183625258104367
90830082266743
80020430794658
61435021868431
276667507361001
85338572426052
158643950636041
130980839430619
109303133672494
174390301124205
250115903903116
235348755673739
91206461139415
210682414254880
221772589153270
49644081768292
139667781402356
12873474585606
82106635788374
136630714953152
110769119854166
73625743240977
125794333907631
109476199648457
214122652797677
9907850861981
233322170086270
185965277650430
30205730420719
114474864113114
5167611587340
203482562253322
61009465593302
82302854643343
31844729517195
35377645367018
176896432245029
344134293541
62325147497744
18955608082788
41497399827209
209885821170697
275330310539603
248298338127310
100726276286911
32579343963991
7533222280508
153561112624162
25447647661009
167272225299674
148652783785296
48999944546153
270132874317087
16536416956253
186489607931865
150579318028397
233129501487288
77006371852867
31519083282161
146139638639042
96915466233994
113773913365373
168115082532941
187822867843867
113262650351574
136926406964420
91754131876326
185314014298610
190817422258559
271475958110761
154702474049128
229972334690942
26967853936163
45215748825073
4437390965621
169671117429496
101808171473925
225805821929928
141426478278327
33062759573814
122472123970247
140646006485053
79499912174021
170813951795850
16096863854328
68246339781519
188543160527825
268229783883264
60902420971625
262463591449805
133169830602800
48492910151649
190511094967644
237938231896135
149324044684712
264508422094215
132839312158077
44031282657352
52630248672661
15820165608587
108720626465964
121021331149351
225936127037147
271663656944692
134201259396506
33268868458661
73695249640870
71997349861439
164074500407853
17675303665820
130021542557185
44118964007162
220032156186307
625471599357
227313894714422
8981299568549
263852826096438
17422402416158
204819885541120
251673109581100
46433343208636
70490598568794
46593367896462
249369481835820
99278910145931
277358270896638
21735027116119
225599893661770
186231790810456
156158343268488
262858963312825
160929372752345
280799718124450
185510612106805
64258620161648
214879673225425
155994471855817
243542141587171
270822352395733
25893207836437
77043744234748
39831978089272
44185155644914
255994940149514
107687115265265
100992301359401
97305666834276
197677975329918
238964438584432
213762885529026
23695920454158
171893628925405
260830088930224
136961325047881
122584108751515
254372971984313
176930540335228
20501822435241
135626952969169
141602745650591
64232531392821
263190023005748
232202204340914
127965435412287
217513122069909
250728884756653
21129251095922
130743424214241
159181407497040
182861380538795
102342326636085
101135465244717
194565091715193
83083318148421
235443001543588
174192523839810
134908879572672
230666960387601
43778814099793
243258619484953
12764801591162
166116667162995
278232482751974
99058112677439
211423058278017
249206215428410
151479050510634
134525147776730
208994789928661
99426564008849
453532882385
81101478374145
118659410950432
151976995639611
31430118904867
270037530613599
267409941869308
109340169107492
169000553964394
87361991541551
216374585813771
203831052169532
204241216503094
85217734097275
20839028566248
216678356640681
212279874818417
152202630585276
92905151849179
177737741043524
133252796678718
217509767764920
217614123435626
228031520746342
194415745820336
103595002495420
251327276643244
197035155369995
200952344315978
242593143236898
269359570649211
22776408247356
247412477814608
116245240480299
137556335031144
175886269598157
9760639923436
92823514124318
221876374440586
110618651165810
12165091645473
156403107277509
113487640753687
96408158138133
80290415733642
50673680448562
189526350257358
229773902434188
43096131026672
261217016285141
50240934531634
13135787261584
158736130593708
188073976536287
78787845351572
185973632133652
123277405708246
255126013306367
166601096404208
50902212744413
61888393989966
82814052031589
143016701420691
142791587271537
102837537095559
34702779044376
191818170509721
121223039979097
239619904668719
230354624833949
148536715462198
43380335101614
186571341341856
127249035795184
206255858847186
210448892103159
85557961251106
67010413343174
209784841782001
192173768786005
83538467820285
7563457416230
79039709093616
88450134794759
188388144607836
228384963419984
230292617383311
111467332173364
136866502397697
61694749291252
30537717018697
161910970562061
86189117846726
10697929712053
185863678565506
245740209290807
201776884572143
188443396234244
71142498720384
62634484654478
228558519354445
189952664233282
121891099157812
259654838352944
197060058974257
69926159389755
772165758936
53879531504095
5836495881775
204016704214760
150687809215574
173950049351339
116687240973999
23729929906827
249504042452100
192590374008054
12474251157840
125177294414608
180527451731502
75210250856638
23831197513498
157500981193159
193792158642420
38118946231356
63087198730628
93969303697255
185640924309742
123656719519703
49277618947650
85310983659114
127343187019307
66247155482971
44057280852711
42158966489518
207919238146042
268428331248014
116084839105373
54730472904560
128189472889863
260784774321933
196733935039267
252479457930638
83777010542914
246556504306038
217269274587488
100265618448673
66983988086425
114746312848109
262648376434632
231699808020578
280376241955209
147070156187623
133836014720331
48945871849698
162863280331375
30085852541001
61360124419482
123550338211597
210730043967164
128509754869207
279848868476280
77836232858117
146265369161191
205056767307504
41927366316254
139256102272966
197999593671742
138612868860577
14183526176237
151137877271707
98453908788349
58168306469120
160932361707182
279429598377449
78674267842874
198047671366364
173307344092074
25783088067137
166265402303263
206230953565883
165681891454279
54857070128840
37691884572915
114623898827560
258285895150588
88213397934576