87812141894367
59182806021656
250533490899905
260081175722075
132278988604390
32526810126485
53669389738252
13217265741658
41142432225543
252602862184021
173251291176131
21994226678762
136719259969147
233060531881189
274551699908570
4540508648564
163548965381601
71007941352686
78152682791091
52302557738035
276903829829302
28426305133473
67141661526434
208581999254758
54162838691427
107357083415348
218307899476222
46391605907348
48046787003854
190560802396268
142682662660033
216894718046818
230252141934213
183608178066238
70282486994102
55425869755254
140203911324284
152943184179831
150222390501951
256523785912044
149588795137357
189394065548925
25504886917022
198065658890717
192345762291732
264344812561175
99706338073821
58432860670319
189868171871708
88438002103116
268032950870075
102831643261948
191254496480911
99815277700174
63236124308777
271231371107655
230724971388804
193226101851514
203143564370404
30478490792384
192603469365145
147095600655712
189731359166346
205913721176536
226879241886678
41084868850914
152013134908627
28270896158053
46416234988457
121975090296928
132421998217807
86332700983063
200822932728751
88334276745973
229464264646708
217849986961663
234147946638346
90683539422915
177267770525636
210037187043359
244230397395019
14635124707150
50754748112694
225491774687762
177966631307756
192600202606828
120741551564862
98209489743294
243452389378645
133449480514623
150265025857817
32902695742492
218038265818231
71629869653697
105765553294637
186441299930889
148122524744693
265946382273123
6051235062079
248592285327402
203267727894490
7346085899062
70119203674156
137921852370917
262867192186083
20059148108331
10474174441278
150568102727522
50224265546327
63804299712223
18351290280205
249479655143071
119572548425075
203144666279540
62108542327789
209466136174999
28235777042010
99211627993475
25432295940592
39627819863414
162160397394089
1567524251153
132308082409589
123558281609178
195701815184516
39508902423718
240389373485644
230746191281454
63581914715462
82156173804638
263363955479907
223684319400712
116750752746938
161817531484702
32348104002566
200240990310560
126942814676956
53290608091085
403629481140
66799299855960
274454846896697
253149354928802
253620350304378
245314980941129
164357897209047
158990735757948
89342188082920
124588597035246
93163273069991
169799519192407
133997216817295
168780754271960
59116126183572
147343138977215
219991136240658
94458722216813
192828207865115
118656369907300
101280587025863
126599804251331
44228200884846
124599703593650
150059962886119
25168741478273
138669184890165
95116500211072
91716363658830
61411339264467
143091464606927
260309806706890
271754553458894
37408536622451
133646265220396
167683262937729
108864651775498
269675156481207
169871358905916
235167896222308
204754094166255
39869846120377
161185940915933
192948681818095
231661317613228
273380555882382
2489898895980
80810017921110
200632699164487
12745192533638
947929358809
95800970796178
40795153960638
226100240022401
161313187231825
180727296468093
18388865898675
3114079433303
60342619496569
156159628872705
34139582539700
72767723004488
103085184977712
146350329017679
49595061195268
132435132587398
258923728212717
158866398561843
220807612355583
110202936671171
203654716093094
219821294347882
196151641786123
27879289804763
22122384755273
240091757921298
109421595030039
140310537556100
65100747284163
150102770225189
145504813463725
231721291368984
250776749954970
46020367515398
128999040132496
37203323005795
201588750958868
41560004381214
220885464639216
229688216428172
231914661825777
135587701763975
215340358422056
25180040598282
73840288681139
65710023110603
249194811314703
141817979714979
160218262632822
13285466066863
92850522557912
118854365483657
57548522844249
183932658226957
133083476180355
158187739041653
26795346636664
98158104385222
117094005589216
124065013691107
34189407329647
147268595522490
125043374270491
258340077256277
171459219095675
35857011834326
154755863909343
191823646276258
237958601376794
58043620693298
262638706348806
211091685225059
159389969595209
102490854211386
140310546701275
268335903978849
129150348761165
87112020483565
96170219356647
133948416267549
187736538313477
86255319929642
78596679220821
86012850170465
82213930666203
198759566543883
88664236110305
218045268168682
247040388855605
121704936993873
45132625517656
12084499096598
261307552712324
141711111748579
208866410177963
162783264279215
112789329894103
137638512891994
188678008280971
198464008645306
56625350476295
17353108800664
217463709425309
15644780310366
196757944265838
129548865633150
159832869670460
29609709995994
53918685507121
272730636194
223766791347652
179689602540932
131222688120342
164907887957019
248243265676663
80521371845351
66731452070637
51063266837857
129697170842603
280864163158235
189825206166157
98209577213497
246098267224847
156111212586695
256069217081685
202006339776431
186499252613555
16594649771993
145571894110027
139194785992742
19095263277491
127746275244644
11407740434880
273178759272303
151745955317918
10250408767
129852973195405
2722627068924
65310477166844
222190851737917
203947479879381
157025051661592
139619893110814
69807420042925
61068607036517
36662270743095
108228333208190
173680368556788
79749810882455
94127210709583
46186735146156
133352987158828
204608477327052
96910542132293
225124279508948
63763052148959
84704927192696
118839812798572
127005404318670
170874923265221
59416124139188
111194307765009
280099122307512
50570639911835
172732654922602
51405617483539
138748729839408
231959308689417
35035313706256
75601323227287
206979941591051
73994770561941
84326162774252
62870826016959
193855796748719
153886073286568
46840097033710
55452654357366
12970498529002
152315012969378
194579142241818
117456043738194
191349343715946
127639144334079
83675515886975
190602261944186
54946136443577
87333012478602
103989512158656
245004319364520
103027566015442
132577478508965
204940928882733
124592113161009
196522762545211
34809619528600
47256338749288
265912336132645
248697305511356
218797786306045
258331648757157
135811506026872
93130199895706
218387205234221
47009625517418
72394429636164
178332037368173
221043449571529
158373142335470
10344986525966
30195449241467
89375481318477
197830007025660
190114931771945
73161621958829
53188169163701
177031264988785
166503185147424
85665804991502
16458234596658
99234681163586
84762158548273
184178614971096
254458846588651
90838068476690
249505579311069
121550549156892
151906095426775
267793529880159
143135937030785
269542606453226
29938305053598
27848100562744
256022817842692
74538326088472
159819323355535
162772094545028
254580847104661
162258888990609
62869260130977
186520409646304
252515928666996
231208165629746
54800821249422
160065350224641
101061990913234
39904165894976
262670418005234
274215160783280
94665700229564
105799685665634
200683929161856
141896266500946
274032036776726
157788231839545
42918566163529
67173772316929
274865883154347
124967642085498
192118058679569
61186034409011
34567741558598
273163554954402
18750793709742
257491591562485
222198908977121
222985842199863
252919752537220
221186457089455
116860636969441
215106270356372
27571403342595
200566240398210
7542224495199
124641075926608
116602505035328
153231322530093
201379688800907
165236290143272
260227825139350
163936552974214
47618918164500
187821252522374
149828965016671
21132102808196
39457606214821
96213389755020
132727297053107
206134291077589
270247958055793
276843634983350
225236395830849
59694989228296
11604457002963
45851168906253
255202645091888
177019319222856
107560564098295
44287280572133
4892696078104
10992494561693
12434491774102
126263642019117
188767729526017
271172115711183
191199506533574
60518764610131
67091169335164
247329784304068
1307449275859
238348833795248
120923041315014
197029919862657
93768430443567
119701864920459
215084477925370
89323223417516
11998582067819
68801629791146
28639819745114
15024462910378
25133542861893
84570871636337
38765462798496
54751209082435
144812275205318
222984197798803
247691994070117
132453101503453
261574657439337
173721017394516
47999817124756
163436077508164
8928347235426
248332256621910
50800846553069
186716683423491
27412878848989
110964621272573
255195345990046
228978795445067
132845480594536
44284829799006
191651803249378
163854619674988
22523706612820
252635159216064
183890583387066
135079841201631
262164705301560
145173601653675
86707224860336
126217986261213
172578787748222
181706706867850
268192012399274
112930542231175
220271136691708
29559511808220
65645777009617
198513814194081
192864175985825
116551196773363
172552278073219
187434429304536
179722003523635
87573688206405
248575477568090
17311926529436
151028232525341
62505495756365
191212136483646
170947747987334
101284455049031
220485856409340
264354265908621
135422361716052
185412752680967
93676165468342
127622258655050
226554906829425
17412206651930
117038969803239
91510151117927
46475539128074
220045899514546
76196246414114
137532977021976
26211895404473
29825313589908
98207213409488
60227770949940
161030342184129
253639650483778
226028564895603
165852012225455
154037580972237
30039659700280
277504305119604
8817371290905
115916643671380
70200651822395
268198459051397
223525077902648
142965499567737
261007511176880
272183319746961
127936595663017
179715663864966
89820641607696
277132416313148
116834120340372
155105205711350
192116921259102
51273497255415
115969207139187
129439517716493
239310469642423
119573052687769
247624120037
144287271578622
205618256978925
220711789120920
21031328968850
94167078835367
231256003433780
9074431183045
98040080504610
133458049695191
194566699093472
44569215659163
245152269131837
270622611234601
135552037097773
235841838141988
144441402310822
216145158297448
118949278132769
270028209601126
133429504799577
87923477374092
88922777953653
30233634145381
222352392583362
273116023286594
12083156046740
20518101563314
228888938418693
162797119845122
16544576768420
99611034189455
206784698239306
258588495145401
255279149293989
182542596023708
18302105413420
64673555848705
196997753403549
100957173457176
41726541462566
196197163189483
180174962061015
22841636751026
182653604551449
270908459037782
137251240306985
35372587257578
21424124041954
177107989441240
26745277207127
2368739285251
71392331896575
208954337150773
251400939476604
264920868759422
232710059125823
86618725748587
109661545178761
94388275142706
221171836518799
218178048747846
187022240053197
88018937253094
265647498165443
156420748812943
248549123064729
56407300938628
122563741239174
145071059331771
222436367615972
4744797921244
65411706032454
129346405225789
56955521942285
280426303180272
176956961934910
187981888936792
143912397602214
20652327403736
208079531849094
98613630589068
54828764724817
105545045325360
8633844351292
53066278473099
85466889049003
208969687634202
217089365619125
227815711841731
274153470397771
62402421741262
162168077453763
82708209209718
259293966090699
155685059817915
246358922923785
189402550424675
257648026585577
193465529921592
123135251631712
121183590103041
94644755825326
75889992205507
240054141294156
5048829997120
176736145820847
45682171249616
11134871599742
88933454648556
225523407490394
257765304920110
211674150948973
50398423392394
271703607275085
82596184052213
17737770972660
253392365679835
224397655252169
214122451402759
248241586407182
206592997217759
14770792351785
275105133157406
121504411216276
108945990249324
18164558964851
90108207426929
219815395410455
146484539605339
70307327636721
100732814091233
89986887630526
68287342528831
166108086364641
102779041845179
72853332806466
173898803500458
47221173275181
231685023262471
42462697987821
46633221005068
173067154086459
257816634558316
102696923606192
101375372608021
188708890600394
7456842722204
169354321277257
33779366936242
176948599010012
67256773654103
111126196890740
91661876263059
245054295906482
241086986924028
170176157868341
87858276153158
100825455979483
241988307861160
256088941385254
98375521675483
36365065225042
128814785278951
93361472820962
53126952377377
226651591130532
154447654584566
197170149290355
144540715599215
19695656303411
65147365341840
56758723443420
132018128207094
57087520842624
89634852445267
231169024329899
42562584346290
153084381666438
229232849486763
251847419065756
28997564115676
10711237776425
123957267362649
162712753300050
235668966098421
189995922668722
29971225546878
96895760675095
85588485125727
13358257588826
122306465834559
144061386558130
116038561254022
229964726466280
70056768807922
201580724999757
148223132053909
63067352022366
19831135737828
121853237577576
269221419646914
165347022807730
179315599915938
124891809304285
132630912740390
226560789588127
104890849912802
107393662231798
223786973729829
240750244682111
258375394138604
56051926942352
28591062480996
78301403791928
169456939595166
187411968944209
146024827878487
202936937018425
275691737334014
254679117241068
175129544370005
107631950398854
81215890121814
235815903862388
268531567191361
157086375906771
274510500131050
208367409790915
139399319750853
28675300075956
53281298748724
196041747533293
52733777593112
273067131141333
81830222375606
36521149651907
118865468173912
191835805362509
93686799837274
80847049834605
154049994278257
234356679203571
161958168964710
211994704828168
101636451264919
169679880666319
277313876360950
259080869936733
173741852777806
71260367552918
204000454999571
149116769458855
147192047323650
171751615650869
187683627383119
39319245967975
64435020938032
167299153692784
248096476486904
179290894340165
100831579021855
194488348885644
40983991826904
210600395834378
131547285770534
132027872430605
123913595537283
142336160096416
162484249166473
22075835508610
124579905871676
224213679381546
184833697960156
209277359546464
12827320779106
228487703589669
38230552067074
73982476387315
233311256169841
164867049022879
108246667864239
147767971750229
166808226925462
132670773081211
67627732754308
277765657825405
232777132073929
186475412580292
137391563901880
51902092552286
63248455148932
188993453377814
99264004570702
66656219055886
54172565193727
234848954771979
9910399232735
92415923244295
95220849005058
232551340252615
49659747363315
68182526697587
269696953224519
42012693199239
104951752324586
232378765748614
162277144384103
175360470964554
188375964266865
142462379284203
110468515471968
255157855968385
20723821518478
221482957182533
233737444238751
276619812267480
10262012798775
214323282141365
2340130759845
185798070082311
273600334599805
162111448722554
70850977500726
22124240759479
208316172737599
277489639356574
164359692088089
59110901809530
42262436924792
226519398106290
64963124890731
96563109745608
134175102116117
121696488691351
36292143460731
169318494148126
265338079016286
94814100093025
116371782099263
124926468376089
61234308417775
163699484095806
259146926734931
40578930058159
260801127022142
81721903849333
195404316937863
87373380267635
44804796998071
48530300472435
133500156132099
106803313488105
263943813044834
6106411259108
60217950000374
33149796005100
213819541617693
55523752678885
157448342244056
32516609116192
17072398219877
41756341727035
104814466511927
82572187746424
206053489536170
250405669538212
56684653726490
113403755049930
174988666310462
148765618932273
228043109003250
144261818383476
8466824298954
208030685110449
187777861738521
151333619857937
57993324988757
78803933494579
120880985540069
198599820660796
241223863651808
136923729089676
131180902803778
21493132453477
181048697248141
216022053773817
101306688780781
10568248846006
189936714194775
32512302178246
107699255133995
229608874459145
3459593237082